    1934       1    10.7     -12       1       0       0       0       0       0     -12       0       0       0       0       0
    1934       2     3.3     -12       0       1       0       0       0       0       0     -12       0       0       0       0
    1934       3    13.1     -12       0       0       1       0       0       0       0       0     -12       0       0       0
    1934       4    11.4     -12       0       0       0       1       0       0       0       0       0     -12       0       0
    1934       5    14.0     -12       0       0       0       0       1       0       0       0       0       0     -12       0
    1934       6     5.1     -12       0       0       0       0       0       1       0       0       0       0       0     -12
    1934       7     3.2     -12       0       0       0       0       0       0       0       0       0       0       0       0
    1935       1    10.9     -11       1       0       0       0       0       0     -11       0       0       0       0       0
    1935       2     8.8     -11       0       1       0       0       0       0       0     -11       0       0       0       0
    1935       3    12.8     -11       0       0       1       0       0       0       0       0     -11       0       0       0
    1935       4    12.3     -11       0       0       0       1       0       0       0       0       0     -11       0       0
    1935       5    15.7     -11       0       0       0       0       1       0       0       0       0       0     -11       0
    1935       6     4.5     -11       0       0       0       0       0       1       0       0       0       0       0     -11
    1935       7     4.5     -11       0       0       0       0       0       0       0       0       0       0       0       0
    1936       1    12.6     -10       1       0       0       0       0       0     -10       0       0       0       0       0
    1936       2    10.4     -10       0       1       0       0       0       0       0     -10       0       0       0       0
    1936       3    15.1     -10       0       0       1       0       0       0       0       0     -10       0       0       0
    1936       4    14.5     -10       0       0       0       1       0       0       0       0       0     -10       0       0
    1936       5    17.4     -10       0       0       0       0       1       0       0       0       0       0     -10       0
    1936       6     6.0     -10       0       0       0       0       0       1       0       0       0       0       0     -10
    1936       7     5.9     -10       0       0       0       0       0       0       0       0       0       0       0       0
    1937       1    12.3      -9       1       0       0       0       0       0      -9       0       0       0       0       0
    1937       2    10.9      -9       0       1       0       0       0       0       0      -9       0       0       0       0
    1937       3    14.8      -9       0       0       1       0       0       0       0       0      -9       0       0       0
    1937       4    14.8      -9       0       0       0       1       0       0       0       0       0      -9       0       0
    1937       5    18.6      -9       0       0       0       0       1       0       0       0       0       0      -9       0
    1937       6     7.0      -9       0       0       0       0       0       1       0       0       0       0       0      -9
    1937       7     5.9      -9       0       0       0       0       0       0       0       0       0       0       0       0
    1938       1    11.0      -8       1       0       0       0       0       0      -8       0       0       0       0       0
    1938       2     9.8      -8       0       1       0       0       0       0       0      -8       0       0       0       0
    1938       3    15.2      -8       0       0       1       0       0       0       0       0      -8       0       0       0
    1938       4    12.8      -8       0       0       0       1       0       0       0       0       0      -8       0       0
    1938       5    17.3      -8       0       0       0       0       1       0       0       0       0       0      -8       0
    1938       6     6.8      -8       0       0       0       0       0       1       0       0       0       0       0      -8
    1938       7     3.9      -8       0       0       0       0       0       0       0       0       0       0       0       0
    1939       1    11.2      -7       1       0       0       0       0       0      -7       0       0       0       0       0
    1939       2    10.1      -7       0       1       0       0       0       0       0      -7       0       0       0       0
    1939       3    15.3      -7       0       0       1       0       0       0       0       0      -7       0       0       0
    1939       4    13.5      -7       0       0       0       1       0       0       0       0       0      -7       0       0
    1939       5    18.0      -7       0       0       0       0       1       0       0       0       0       0      -7       0
    1939       6     7.0      -7       0       0       0       0       0       1       0       0       0       0       0      -7
    1939       7     4.1      -7       0       0       0       0       0       0       0       0       0       0       0       0
    1940       1    11.0      -6       1       0       0       0       0       0      -6       0       0       0       0       0
    1940       2     9.9      -6       0       1       0       0       0       0       0      -6       0       0       0       0
    1940       3    14.9      -6       0       0       1       0       0       0       0       0      -6       0       0       0
    1940       4    13.2      -6       0       0       0       1       0       0       0       0       0      -6       0       0
    1940       5    17.6      -6       0       0       0       0       1       0       0       0       0       0      -6       0
    1940       6     6.9      -6       0       0       0       0       0       1       0       0       0       0       0      -6
    1940       7     4.1      -6       0       0       0       0       0       0       0       0       0       0       0       0
    1941       1    11.8      -5       1       0       0       0       0       0      -5       0       0       0       0       0
    1941       2    10.3      -5       0       1       0       0       0       0       0      -5       0       0       0       0
    1941       3    15.4      -5       0       0       1       0       0       0       0       0      -5       0       0       0
    1941       4    14.7      -5       0       0       0       1       0       0       0       0       0      -5       0       0
    1941       5    19.4      -5       0       0       0       0       1       0       0       0       0       0      -5       0
    1941       6     5.3      -5       0       0       0       0       0       1       0       0       0       0       0      -5
    1941       7     5.9      -5       0       0       0       0       0       0       0       0       0       0       0       0
    1942       1    14.3      -4       1       0       0       0       0       0      -4       0       0       0       0       0
    1942       2    12.4      -4       0       1       0       0       0       0       0      -4       0       0       0       0
    1942       3    15.9      -4       0       0       1       0       0       0       0       0      -4       0       0       0
    1942       4    16.1      -4       0       0       0       1       0       0       0       0       0      -4       0       0
    1942       5    20.7      -4       0       0       0       0       1       0       0       0       0       0      -4       0
    1942       6    10.2      -4       0       0       0       0       0       1       0       0       0       0       0      -4
    1942       7     7.3      -4       0       0       0       0       0       0       0       0       0       0       0       0
    1943       1    15.1      -3       1       0       0       0       0       0      -3       0       0       0       0       0
    1943       2    13.1      -3       0       1       0       0       0       0       0      -3       0       0       0       0
    1943       3    19.5      -3       0       0       1       0       0       0       0       0      -3       0       0       0
    1943       4    19.3      -3       0       0       0       1       0       0       0       0       0      -3       0       0
    1943       5    23.1      -3       0       0       0       0       1       0       0       0       0       0      -3       0
    1943       6    11.0      -3       0       0       0       0       0       1       0       0       0       0       0      -3
    1943       7     8.5      -3       0       0       0       0       0       0       0       0       0       0       0       0
    1944       1    16.6      -2       1       0       0       0       0       0      -2       0       0       0       0       0
    1944       2    15.2      -2       0       1       0       0       0       0       0      -2       0       0       0       0
    1944       3    21.5      -2       0       0       1       0       0       0       0       0      -2       0       0       0
    1944       4    20.5      -2       0       0       0       1       0       0       0       0       0      -2       0       0
    1944       5    25.9      -2       0       0       0       0       1       0       0       0       0       0      -2       0
    1944       6    11.3      -2       0       0       0       0       0       1       0       0       0       0       0      -2
    1944       7     9.0      -2       0       0       0       0       0       0       0       0       0       0       0       0
    1945       1    17.4      -1       1       0       0       0       0       0      -1       0       0       0       0       0
    1945       2    15.0      -1       0       1       0       0       0       0       0      -1       0       0       0       0
    1945       3    22.5      -1       0       0       1       0       0       0       0       0      -1       0       0       0
    1945       4    21.1      -1       0       0       0       1       0       0       0       0       0      -1       0       0
    1945       5    27.1      -1       0       0       0       0       1       0       0       0       0       0      -1       0
    1945       6    12.5      -1       0       0       0       0       0       1       0       0       0       0       0      -1
    1945       7     9.8      -1       0       0       0       0       0       0       0       0       0       0       0       0
    1946       1    15.9       0       1       0       0       0       0       0       0       0       0       0       0       0
    1946       2    14.5       0       0       1       0       0       0       0       0       0       0       0       0       0
    1946       3    21.4       0       0       0       1       0       0       0       0       0       0       0       0       0
    1946       4    19.0       0       0       0       0       1       0       0       0       0       0       0       0       0
    1946       5    26.2       0       0       0       0       0       1       0       0       0       0       0       0       0
    1946       6    11.5       0       0       0       0       0       0       1       0       0       0       0       0       0
    1946       7     9.2       0       0       0       0       0       0       0       0       0       0       0       0       0
    1947       1    17.5       1       1       0       0       0       0       0       1       0       0       0       0       0
    1947       2    16.1       1       0       1       0       0       0       0       0       1       0       0       0       0
    1947       3    23.6       1       0       0       1       0       0       0       0       0       1       0       0       0
    1947       4    20.9       1       0       0       0       1       0       0       0       0       0       1       0       0
    1947       5    24.7       1       0       0       0       0       1       0       0       0       0       0       1       0
    1947       6    14.0       1       0       0       0       0       0       1       0       0       0       0       0       1
    1947       7     9.4       1       0       0       0       0       0       0       0       0       0       0       0       0
    1948       1    16.3       2       1       0       0       0       0       0       2       0       0       0       0       0
    1948       2    16.1       2       0       1       0       0       0       0       0       2       0       0       0       0
    1948       3    23.1       2       0       0       1       0       0       0       0       0       2       0       0       0
    1948       4    20.1       2       0       0       0       1       0       0       0       0       0       2       0       0
    1948       5    24.0       2       0       0       0       0       1       0       0       0       0       0       2       0
    1948       6    13.7       2       0       0       0       0       0       1       0       0       0       0       0       2
    1948       7     9.4       2       0       0       0       0       0       0       0       0       0       0       0       0
    1949       1    15.8       3       1       0       0       0       0       0       3       0       0       0       0       0
    1949       2    14.8       3       0       1       0       0       0       0       0       3       0       0       0       0
    1949       3    22.3       3       0       0       1       0       0       0       0       0       3       0       0       0
    1949       4    19.7       3       0       0       0       1       0       0       0       0       0       3       0       0
    1949       5    23.4       3       0       0       0       0       1       0       0       0       0       0       3       0
    1949       6    13.5       3       0       0       0       0       0       1       0       0       0       0       0       3
    1949       7     8.7       3       0       0       0       0       0       0       0       0       0       0       0       0
    1950       1    15.9       4       1       0       0       0       0       0       4       0       0       0       0       0
    1950       2    15.0       4       0       1       0       0       0       0       0       4       0       0       0       0
    1950       3    21.6       4       0       0       1       0       0       0       0       0       4       0       0       0
    1950       4    18.9       4       0       0       0       1       0       0       0       0       0       4       0       0
    1950       5    22.9       4       0       0       0       0       1       0       0       0       0       0       4       0
    1950       6    13.8       4       0       0       0       0       0       1       0       0       0       0       0       4
    1950       7     9.2       4       0       0       0       0       0       0       0       0       0       0       0       0
    1951       1    15.7       5       1       0       0       0       0       0       5       0       0       0       0       0
    1951       2    15.0       5       0       1       0       0       0       0       0       5       0       0       0       0
    1951       3    21.2       5       0       0       1       0       0       0       0       0       5       0       0       0
    1951       4    18.9       5       0       0       0       1       0       0       0       0       0       5       0       0
    1951       5    22.5       5       0       0       0       0       1       0       0       0       0       0       5       0
    1951       6    13.8       5       0       0       0       0       0       1       0       0       0       0       0       5
    1951       7     9.5       5       0       0       0       0       0       0       0       0       0       0       0       0
    1952       1    15.6       6       1       0       0       0       0       0       6       0       0       0       0       0
    1952       2    15.0       6       0       1       0       0       0       0       0       6       0       0       0       0
    1952       3    21.8       6       0       0       1       0       0       0       0       0       6       0       0       0
    1952       4    19.0       6       0       0       0       1       0       0       0       0       0       6       0       0
    1952       5    22.5       6       0       0       0       0       1       0       0       0       0       0       6       0
    1952       6    13.6       6       0       0       0       0       0       1       0       0       0       0       0       6
    1952       7     9.5       6       0       0       0       0       0       0       0       0       0       0       0       0
    1953       1    15.4       7       1       0       0       0       0       0       7       0       0       0       0       0
    1953       2    12.8       7       0       1       0       0       0       0       0       7       0       0       0       0
    1953       3    21.3       7       0       0       1       0       0       0       0       0       7       0       0       0
    1953       4    18.7       7       0       0       0       1       0       0       0       0       0       7       0       0
    1953       5    22.2       7       0       0       0       0       1       0       0       0       0       0       7       0
    1953       6    13.9       7       0       0       0       0       0       1       0       0       0       0       0       7
    1953       7     9.7       7       0       0       0       0       0       0       0       0       0       0       0       0
    1954       1    14.7       8       1       0       0       0       0       0       8       0       0       0       0       0
    1954       2    13.6       8       0       1       0       0       0       0       0       8       0       0       0       0
    1954       3    20.4       8       0       0       1       0       0       0       0       0       8       0       0       0
    1954       4    18.1       8       0       0       0       1       0       0       0       0       0       8       0       0
    1954       5    20.8       8       0       0       0       0       1       0       0       0       0       0       8       0
    1954       6    13.8       8       0       0       0       0       0       1       0       0       0       0       0       8
    1954       7     9.3       8       0       0       0       0       0       0       0       0       0       0       0       0
    1955       1    14.7       9       1       0       0       0       0       0       9       0       0       0       0       0
    1955       2    13.5       9       0       1       0       0       0       0       0       9       0       0       0       0
    1955       3    20.3       9       0       0       1       0       0       0       0       0       9       0       0       0
    1955       4    17.0       9       0       0       0       1       0       0       0       0       0       9       0       0
    1955       5    21.2       9       0       0       0       0       1       0       0       0       0       0       9       0
    1955       6    13.6       9       0       0       0       0       0       1       0       0       0       0       0       9
    1955       7    10.1       9       0       0       0       0       0       0       0       0       0       0       0       0
    1956       1    14.7      10       1       0       0       0       0       0      10       0       0       0       0       0
    1956       2    13.2      10       0       1       0       0       0       0       0      10       0       0       0       0
    1956       3    19.9      10       0       0       1       0       0       0       0       0      10       0       0       0
    1956       4    18.1      10       0       0       0       1       0       0       0       0       0      10       0       0
    1956       5    20.6      10       0       0       0       0       1       0       0       0       0       0      10       0
    1956       6    13.5      10       0       0       0       0       0       1       0       0       0       0       0      10
    1956       7    10.8      10       0       0       0       0       0       0       0       0       0       0       0       0
    1957       1    14.7      11       1       0       0       0       0       0      11       0       0       0       0       0
    1957       2    12.7      11       0       1       0       0       0       0       0      11       0       0       0       0
    1957       3    18.9      11       0       0       1       0       0       0       0       0      11       0       0       0
    1957       4    16.7      11       0       0       0       1       0       0       0       0       0      11       0       0
    1957       5    20.2      11       0       0       0       0       1       0       0       0       0       0      11       0
    1957       6    13.3      11       0       0       0       0       0       1       0       0       0       0       0      11
    1957       7    12.0      11       0       0       0       0       0       0       0       0       0       0       0       0
    1958       1    15.1      12       1       0       0       0       0       0      12       0       0       0       0       0
    1958       2    13.0      12       0       1       0       0       0       0       0      12       0       0       0       0
    1958       3    19.1      12       0       0       1       0       0       0       0       0      12       0       0       0
    1958       4    15.9      12       0       0       0       1       0       0       0       0       0      12       0       0
    1958       5    19.6      12       0       0       0       0       1       0       0       0       0       0      12       0
    1958       6    13.2      12       0       0       0       0       0       1       0       0       0       0       0      12
    1958       7    11.4      12       0       0       0       0       0       0       0       0       0       0       0       0
